# FAST-LIVO2 calibration format
cam_model: Pinhole
cam_width: 800
cam_height: 600
scale: 1.0
cam_fx: 1215.32
cam_fy: 1214.73
cam_cx: 1047.87
cam_cy: 745.068
cam_d0: -0.335748
cam_d1: 0.109969
cam_d2: 0.000157303
cam_d3: 0.000544931

Rcl: [  0.407888,  -0.912836,  -0.018910,
        0.182500,   0.061219,   0.981298,
       -0.894607,  -0.403711,   0.191564]
Pcl: [ -1.994484,  -1.230631,   3.956750]
